           1       1    178    246    295    228    274
           1       2    254    260    278    245    340
           1       3    185    232    215    220    292
           1       4    219    268    241    260    320
           1       5    205    232    265    242    230
           1       6    182    213    173    200    193
           1       7    310    334    290    286    248
           1       8    191    204    227    228    196
           1       9    245    270    209    255    213
           1      10    229    200    238    259    221
           1      11    245    293    261    297    231
           1      12    240    313    251    307    291
           1      13    234    281    277    235    210
           1      14    210    252    275    235    237
           1      15    275    231    285    238    251
           1      16    269    332    300    320    335
           1      17    148    180    184    231    184
           1      18    181    194    212    217    205
           1      19    165    242    250    249    312
           1      20    293    276    276    278    306
           1      21    195    190    205    217    238
           1      22    210    230    249    240    194
           1      23    212    224    246    271    256
           1      24    243    271    304    273    318
           1      25    259    279    296    262    283
           1      26    202    214    192    239    172
           1      27    184    192    205    253    217
           1      28    238    272    297    282    251
           1      29    263    283    248    334    271
           1      30    144    226    261    227    283
           1      31    220    272    222    246    253
           1      32    225    260    253    202    265
           1      33    224    273    242    274      .
           1      34    307    252    316    258    283
           1      35    313    300    313    317    397
           1      36    231    252    267    299      .
           1      37    206    177    194    194    212
           1      38    285    291    291    268    260
           1      41    250    269      .      .      .
           1      42    175    214      .      .      .
           1      43    201    219    220      .      .
           1      44    268    296    314    330      .
           1      45    202    186    253      .      .
           1      46    260    268      .      .      .
           1      48    209    207    167      .      .
           1      49    197    218      .      .      .
           1      50    248    262      .      .      .
           1      51    212    253    225      .      .
           1      52    276    326    304      .      .
           1      53    163    179    199      .      .
           1      54    239    243    265      .      .
           1      55    204    203    198      .      .
           1      56    247    211    225      .      .
           1      57    195    250    272      .      .
           1      58    228    228    279      .      .
           1      59    290    264    260      .      .
           1      60    284    288    268    261      .
           1      61    217    231    276    257      .
           1      62    209    200    269    233      .
           1      63    200    261    264    300      .
           1      64    227    247      .      .    220
           1      65    193    189      .    232    211
           2       1    251    262    239    234    248
           2       2    233    218    230    251    273
           2       3    250    258    258    286    240
           2       4    141    143    157    162    169
           2       5    418    371    363    384    387
           2       6    229    218    228    244    179
           2       7    271    289    270    296    346
           2       8    312    323    318    383    310
           2       9    194    220    214    256    204
           2      10    211    232    189    230    231
           2      11    205    299    278    259    266
           2      12    191    248    283    268    233
           2      13    249    217    236    266    235
           2      14    301    270    282    287    268
           2      15    201    214    247    274    224
           2      16    251    257    237    266      .
           2      17    277    242    249    293    306
           2      18    294    313    295    295    271
           2      19    212    236    235    272    287
           2      20    230    315    300    305    341
           2      21    206    242    236    239      .
           2      22    246    205    249    225    236
           2      23    245    192    215    214    242
           2      24    179    202    194    239    234
           2      25    165    142    188    192    200
           2      26    262    274    245    275    278
           2      27    212    216    228    221    223
           2      28    285    292    300    319    277
           2      29    166    171    166    186    220
           2      30    179    206    214    189    250
           2      31    298    280    280    328    318
           2      32    238    267    269    268    280
           2      33    172    180    216    183      .
           2      34    191    208    162    218    206
           2      37    282    282      .      .      .
           2      38    213    249    219    209      .
           2      44    171    188      .      .      .
           2      45    242    268      .      .      .
           2      46    197    224    214      .      .
           2      47    230    228    266      .      .
           2      48    373    309    332      .      .